1646847460.582194
1646847460.921568
1646847461.093289
1646847461.434459
1646847461.783713
1646847461.952903
1646847462.304737
1646847462.47586
1646847462.823182
1646847462.998424
1646847463.341714
1646847463.521204
1646847463.869663
1646847464.044043
1646847464.404805
1646847464.582116
1646847464.940699
1646847465.310194
1646847465.493058
1646847465.859419
1646847466.045348
1646847466.416556
1646847466.779539
1646847466.970076
1646847467.399527
1646847467.579143
1646847467.951102
1646847468.348246
1646847468.546578
1646847469.343678
1646847469.537251
1646847469.918717
1646847470.296291
1646847470.482498
1646847470.851197
1646847471.038583
1646847471.407097
1646847471.788945
1646847471.969576
1646847472.330883
1646847472.51099
1646847472.866534
1646847473.043274
1646847473.398561
1646847473.572909
1646847473.921719
1646847474.094831
1646847474.436954
1646847474.777446
1646847474.943888
1646847475.279483
1646847475.442341
1646847475.770216
1646847475.931297
1646847476.092367
1646847476.408829
1646847476.563593
1646847476.871251
1646847477.021735
1646847477.31874
1646847477.464178
1646847477.609599
1646847477.896692
1646847478.038547
1646847478.321194
1646847478.45909
1646847478.594884
1646847478.855771
1646847478.99078
1646847479.126197
1646847481.771601
1646847481.922164
1646847482.072831
1646847482.37153
1646847482.521168
1646847482.818496
1646847482.964027
1646847483.114351
1646847483.409343
1646847483.550119
1646847483.844138
1646847483.996871
1646847484.290188
1646847484.433093
1646847484.583775
1646847484.875942
1646847485.023074
1646847485.319264
1646847485.466547
1646847485.767411
1646847485.91999
1646847486.068768
1646847486.373228
1646847486.526146
1646847486.831358
1646847486.987198
1646847487.295062
1646847487.444113
1646847487.602869
1646847487.910917
1646847488.062184
1646847488.372986
1646847488.528221
1646847488.837353
1646847488.995467
1646847489.308769
1646847489.462054
1646847489.7767
1646847489.933076
1646847490.090764
1646847490.406061
1646847493.918711
1646847494.066654
1646847494.357776
1646847494.506432
1646847494.798666
1646847494.940604
1646847495.091568
1646847495.386189
1646847495.530908
1646847495.827499
1646847495.977524
1646847496.274823
1646847496.424643
1646847496.57993
1646847496.888995
1646847497.037098
1646847497.334656
1646847497.486946
1646847497.78543
1646847497.932823
1646847498.085717
1646847498.385679
1646847498.531628
1646847498.830093
1646847498.981073
1646847499.277955
1646847499.424761
1646847499.573577
1646847499.867402
1646847500.015905
1646847500.312019
1646847500.454687
1646847500.606438
1646847500.903064
1646847501.047803
1646847501.347097
1646847501.502654
1646847501.809127
1646847501.963944
1646847502.279748
1646847502.43587
1646847502.593789
1646847506.036133
1646847506.347945
1646847506.507165
1646847506.820063
1646847506.977643
1646847507.290728
1646847507.443823
1646847507.601797
1646847507.912242
1646847508.065645
1646847508.435845
1646847508.590151
1646847508.892402
1646847509.041716
1646847509.342053
1646847509.493625
1646847509.788771
1646847509.932346
1646847510.079761
1646847510.367299
1646847510.507618
1646847510.787505
1646847510.924999
1646847511.065485
1646847511.338788
1646847511.476766
1646847511.613819
1646847511.891858
1646847512.029501
1646847512.309295
1646847512.448038
1646847512.590208
1646847512.872143
1646847513.013431
1646847513.295189
1646847513.434104
1646847513.576055
1646847513.852941
1646847513.994984
1646847514.276726
1646847514.416705
1646847514.556312
1646847518.93708
1646847519.084119
1646847519.374781
1646847519.520603
1646847519.818469
1646847519.966951
1646847520.270371
1646847520.426347
1646847520.583988
1646847520.903198
1646847521.060873
1646847521.387642
1646847521.547915
1646847521.873153
1646847522.032975
1646847522.351304
1646847522.512449
1646847522.831105
1646847522.993635
1646847523.317078
1646847523.480853
1646847523.805856
1646847523.96704
1646847524.29071
1646847524.450452
1646847524.778475
1646847524.940291
1646847525.267415
1646847525.429563
1646847525.592361
1646847525.913731
1646847526.071837
1646847526.389269
1646847526.544999
1646847526.859499
1646847527.018357
1646847527.328137
1646847527.482753
1646847527.790147
1646847527.942051
1646847528.097051
1646847531.895699
1646847532.054884
1646847532.376601
1646847532.535993
1646847532.854881
1646847533.014008
1646847533.331476
1646847533.494801
1646847533.821523
1646847533.984691
1646847534.310717
1646847534.473105
1646847534.797084
1646847534.956309
1646847535.278445
1646847535.438927
1646847535.600292
1646847535.91859
1646847536.078277
1646847536.396792
1646847536.552951
1646847536.870085
1646847537.027797
1646847537.343567
1646847537.503197
1646847537.817412
1646847537.976486
1646847538.293629
1646847538.448122
1646847538.607769
1646847538.918515
1646847539.071822
1646847539.378011
1646847539.531516
1646847539.838651
1646847539.993301
1646847540.293967
1646847540.442709
1646847540.596926
1646847540.898597
1646847545.878592
1646847546.018646
1646847546.300188
1646847546.439322
1646847546.581087
1646847546.860701
1646847547.000382
1646847547.279926
1646847547.418745
1646847547.558911
1646847547.835963
1646847547.976865
1646847548.117287
1646847548.399902
1646847548.539439
1646847548.822231
1646847548.965238
1646847549.106072
1646847549.388758
1646847549.528293
1646847549.812638
1646847549.954187
1646847550.096893
1646847550.382361
1646847550.522959
1646847550.807535
1646847550.94839
1646847551.092586
1646847551.379425
1646847551.521536
1646847551.811111
1646847551.954746
1646847552.101415
1646847552.392582
1646847552.536262
1646847552.832438
1646847552.982484
1646847553.279399
1646847553.42658
1646847553.574903
1646847553.873365
1646847554.024889
1646847558.342144
1646847558.506319
1646847558.827725
1646847558.989449
1646847559.312532
1646847559.472091
1646847559.795631
1646847559.95175
1646847560.28886
1646847560.451705
1646847560.79824
1646847560.968678
1646847561.32326
1646847561.499504
1646847561.846527
1646847562.026133
1646847562.376451
1646847562.547059
1646847562.895623
1646847563.06435
1646847563.409056
1646847563.578304
1646847563.917562
1646847564.089469
1646847564.429788
1646847564.771651
1646847564.939308
1646847565.279751
1646847565.445392
1646847565.783012
1646847565.946992
1646847566.281202
1646847566.443667
1646847566.773147
1646847566.934396
1646847567.098418
1646847567.418717
1646847567.578093
1646847567.898188
1646847568.056347
1646847570.992268
1646847571.319889
1646847571.483183
1646847571.811061
1646847571.973493
1646847572.30004
1646847572.460531
1646847572.785774
1646847572.944294
1646847573.268945
1646847573.430138
1646847573.592543
1646847573.914445
1646847574.074693
1646847574.39421
1646847574.549029
1646847574.868934
1646847575.028362
1646847575.344347
1646847575.506299
1646847575.820608
1646847575.976943
1646847576.29495
1646847576.44887
1646847576.610944
1646847576.815539
1646847576.973033
1646847577.290829
1646847577.448205
1646847577.768882
1646847577.927832
1646847578.086189
1646847578.403549
1646847578.56106
1646847578.882477
1646847579.042305
1646847579.364148
1646847579.526267
1646847579.84544
1646847580.00812
1646847580.328451
1646847584.514019
1646847584.835818
1646847584.997022
1646847585.318712
1646847585.477888
1646847585.797401
1646847585.956457
1646847586.274853
1646847586.434578
1646847586.59357
1646847586.910988
1646847587.068527
1646847587.382624
1646847587.539109
1646847587.848932
1646847588.003252
1646847588.307439
1646847588.456777
1646847588.607559
1646847588.906075
1646847589.052136
1646847589.344367
1646847589.489067
1646847589.772139
1646847589.918877
1646847590.067405
1646847590.363059
1646847590.511201
1646847590.820592
1646847590.981188
1646847591.306535
1646847591.467489
1646847591.79064
1646847591.951581
1646847592.279952
1646847592.44272
1646847592.77072
1646847592.935897
1646847593.101585
1646847593.429771
1646847593.594221
1646847596.081815
1646847596.398254
1646847596.556254
1646847596.878553
1646847597.040374
1646847597.362708
1646847597.525505
1646847597.847351
1646847598.010875
1646847598.332877
1646847598.494013
1646847598.816877
1646847598.976688
1646847599.29861
1646847599.456705
1646847599.776452
1646847599.934359
1646847600.091185
1646847600.401948
1646847600.556569
1646847600.873594
1646847601.030871
1646847601.337723
1646847601.492052
1646847601.804712
1646847601.963791
1646847602.289154
1646847602.449834
1646847602.773867
1646847602.935784
1646847603.097203
1646847603.419056
1646847603.578006
1646847603.898252
1646847604.059068
1646847604.384636
1646847604.546891
1646847604.872225
1646847605.036095
1646847605.362592
1646847610.553495
1646847610.876353
1646847611.03883
1646847611.365911
1646847611.531245
1646847611.859821
1646847612.026319
1646847612.354887
1646847612.521669
1646847612.850178
1646847613.017131
1646847613.345392
1646847613.511168
1646847613.838828
1646847614.003338
1646847614.330234
1646847614.4942
1646847614.820942
1646847614.984458
1646847615.311374
